-154.090537031
-214.710382178
-120.594348005
-123.219010251
-146.602968357
-96.3465962755
-230.837515842
-233.87430453
-331.943164887
-288.256067094
-112.215843425
-147.810966333
-209.113113743
-69.8636122834
-204.356896339
-263.628749526
-154.830518586
-156.746484036
-97.4397735454
-107.192858623
-141.854478422
-260.01088378
-193.734574856
-303.106001519
-132.967445249
-159.199530188
-189.658812575
-159.050584649
-279.847515745
-237.888701755
-175.707473644
-114.27525809
-178.348767123
-85.2659382473
-115.667948442
-217.577349884
-205.836243467
-99.1598344824
-188.934310343
-67.2371404193
-72.5256383363
-19.255906161
-185.450123825
-33.5842355382
-20.6422005222
-141.443565821
-26.4879241793
-144.666611325
-73.5026643769
-90.4908067077
-47.0032782776
-142.735847757
-128.805698207
-155.724458757
-159.935878098
-114.23243879
-64.4409899135
-102.911418092
-97.9941872514
-54.415470199
-62.2002652492
-131.830993151
-93.3505660717
-192.391909503
-61.9689403074
-155.712643633
-134.624075926
-154.2279238
-183.081470009
-106.881304743
-89.4205693776
-129.041621768
-67.3330441854
-57.8988414952
-140.76743059
-113.530336609
-100.832470296
-127.859599817
-57.9378213184
-120.428823481
-18.8731451427
-46.9468878887
-155.30733211
-84.8632135958
-135.747608245
-97.3054569016
-223.832414383
-221.342289293
-182.120414063
-276.486966914
-94.6628079005
-34.971494367
-75.3041965374
-172.096657896
-59.1425583068
-130.417031009
-174.588819317
-546.49161538
-83.3171523119
-90.285947435
-254.973451757
-212.570588617
-249.675303462
-52.5552341429
-188.066747395
-170.334812756
-226.108762399
-38.814533764
-169.241869913
-83.3825326126
-101.105401462
-165.502713378
-144.401350037
-43.3389462176
-58.4410744555
-28.8797135981
-44.0320933981
-28.7174605141
-25.7147865283
-123.094301371
-272.367583124
-160.8559777
-101.837220449
-97.5670421818
-172.947778838
-59.0746842873
-77.6812081284
-152.459351993
-213.995724351
-198.047679013
-161.319542437
-212.079774653
-250.031831475
-147.600418324
-155.72689465
-128.419941114
-157.018676427
-33.8997283017
-65.2035107324
-143.405527181
-235.883189627
-124.28324288
-165.211197476
-131.802237073
-83.6531577924
-149.834595285
-163.491510782
-210.364313627
-130.351344615
-64.631668866
-128.311198357
-232.663612208
-153.08823701
-149.703034798
-340.719592933
-58.321471148
-228.177495351
-205.329330433
-242.889935883
-84.7725662962
-128.756828483
-61.6951930481
-101.99602069
-102.191061087
-170.008204644
-115.16204504
-112.791772253
-99.798999835
-43.1613137237
-91.3432859567
-53.892348593
-60.6470787605
-51.7570970192
-30.8835198894
-63.0079379885
-44.1424176132
-57.1685325144
-87.9347436629
-76.1866101174
-41.1015028246
-107.699163441
-25.638588185
-93.8978885091
-147.213198758
-216.282021235
-156.127900227
-157.907462633
-118.953775211
-156.486067563
-166.615079085
-184.245652191
-183.32839257
-107.528151158
-200.0519589
-294.811502124
-196.322224613
-215.23942258
-130.295498294
-131.875557631
-244.510470599
-76.7081094744
-161.833282192
-101.301879437
-140.298231795
-212.187073978
-242.643870326
-201.101337919
-158.423595514
-237.298341915
-148.547801706
-86.0805079377
-245.361554724
-130.561960344
-222.557928982
-243.262881097
-89.304066157
-121.453152001
-113.427784953
-208.48608953
-203.816106536
-119.47022528
-121.090992782
-186.583863821
-111.375581138
-117.711331097
-85.7017505716
-138.459936737
-86.947940848
-266.041075479
-103.631253784
-161.896917238
-107.233526905
-191.370223468
-144.410991437
-170.757225314
-201.284277102
-115.233428493
-67.0939113771
-171.707160486
-142.970116087
-220.271940408
-258.111613429
-86.6507016021
-307.638269947
-262.333726711
-171.098507519
-100.743095953
-325.616884155
-270.082640084
-178.327368094
-207.658370157
-110.890775799
-133.192655333
-109.22974078
-167.50268347
-80.6255008849
-274.55813437
-131.950137736
-176.413845059
-159.941617525
-110.941047048
-292.985294761
-172.024925305
-145.177000358
-121.545329227
-88.1153900985
-198.825953533
-118.643440646
-244.328567773
-177.675955942
-77.0489766702
-149.452810715
-107.282984105
-191.142437387
-224.34236063
-81.3240870878
-237.271696129
-135.999650861
-201.965350731
-224.82789128
-54.4580008908
-64.9404349807
-56.0339341242
-230.660618983
-113.759156095
-219.241652866
-283.553737122
-47.4686888805
-132.95820946
-48.4631170673
-54.4753512931
-139.146810081
-152.103747016
-39.1704298897
-112.9995492
-88.5566889157
-106.266949422
-208.588512159
-101.55683054
-46.0378555999
-125.333690106
-43.2978126258
-25.6758053389
-25.6758066128
-26.3010628296
-118.557972771
-56.5149092706
-44.2769312026
-105.115101909
-30.4680858178
-73.0835592155
-46.7724082645
-66.6182757899
-23.7298964638
-102.297801671
-51.696855576
-113.058009188
-80.851086567
-38.4948648886
-34.4719039253
-55.350709903
-84.6339586702
-146.561362613
-215.111079563
-108.3551996
-32.7401658164
-59.3636599088
-33.0826210004
-35.2330457991
-88.9070391034
-104.31215121
-86.1221640685
-233.906377363
-38.6395603707
-190.442114231
-201.858779814
-111.050214053
-38.5351843461
-173.506175938
-97.0711928757
-36.0711211001
-106.10099429
-31.5823346593
-45.614881956
-41.5904827926
-24.5584266988
-188.703796255
-168.263104168
-48.5742008613
-58.6667749325
-40.2756409156
-153.631247028
-97.056747313
-86.8065790876
-74.6011426922
-149.818769394
-199.812772968
-63.1165968366
-90.0501915617
-163.766069707
-37.9098053308
-70.3413588514
-103.330076281
-87.358590409
-37.6262804503
-130.328160721
-148.108733282
-84.5510376185
-107.42790729
-133.315327381
-53.1961423984
-198.743951926
-149.96865775
-80.5158519546
-67.2054891769
-305.369134238
-226.462841262
-125.052622941
-211.649604697
-99.4453510073
-164.138330795
-141.738916631
-68.7287944392
-165.173373197
-74.0791146881
-129.413948106
-33.2757812577
-97.4286317328
-68.5790791844
-194.532161705
-169.316153198
-157.649571298
-156.859352627
-25.7519770927
-196.249747234
-57.8028946383
-63.9111459166
-295.208681285
-164.45087629
-167.356268352
-104.652599022
-109.356016072
-136.017143844
-186.572438322
-244.184079554
-143.670997969
-237.415043677
-154.345398913
-147.164516185
-97.4146401773
-217.694447147
-254.848133334
-39.5672010792
-161.281892285
-127.581212799
-386.523845528
-273.499672891
-88.1854821683
-123.028125295
-67.2655459183
-28.2155977681
-72.5342487059
-180.91804101
-372.719381961
-119.169472832
-129.342037115
-162.417405057
-125.272334122
-124.43269052
-250.115913313
-169.064216445
-146.967122535
-271.477973136
-139.025627581
-81.9083020941
-63.2154089954
-118.809243957
-159.048409695
-110.676102536
-146.409912234
-70.6119234382
-209.436232734
-169.855943044
-99.2484662482
-176.272639527
-155.446113876
-92.8157144885
-93.5784914277
-85.0857404053
-47.8622002134
-22.1576347625
-201.783947394
-174.462088474
-181.917116321
-283.562285784
-215.205768206
-125.612060976
-347.646059842
-157.999081579
-299.659038389
-114.580186537
-74.7588423913
-129.07217336
-133.613323163
-178.432908448
-83.7091109744
-173.482924896
-123.364052374
-168.362803141
-105.593408757
-292.138162911
-73.5490401885
-120.039021743
-51.4083975797
-91.7673042936
-253.917848428
-158.889404417
-31.8328016994
-51.4897051404
-143.403220056
-210.025086129
-219.450145917
-113.090082502
-145.51390599
-110.300857274
-150.208678343
-67.5080492205
-96.2392014455
-234.576924437
-210.753156782
-65.119036736
-154.205381117
-195.839641494
-65.0105431484
-49.9145196262
-269.971467961
-244.976345657
-98.000927839
-148.322762806
-105.448055109
