-125.549862312
-172.438755747
-99.2324691139
-98.2008595082
-118.415123974
-80.3331884937
-183.925938545
-188.982032974
-267.433812398
-237.662807663
-88.8307815523
-116.347333058
-162.462963069
-55.5859518399
-154.880840481
-215.76746764
-125.435494887
-124.85680553
-74.7484854966
-96.0343958057
-113.404584324
-207.334542005
-153.132681118
-241.740837385
-107.97623458
-122.680165266
-152.901201247
-132.042588739
-217.096934936
-182.404447968
-140.178886353
-90.9210965202
-148.093212012
-69.3911739797
-89.2830958991
-175.048432388
-162.709640581
-81.2542605111
-149.404515803
-49.4770812974
-62.9721092117
-14.7726053569
-148.496286957
-25.4096627024
-15.4657525375
-111.091987691
-19.9715832935
-120.451837798
-59.9937999136
-76.516009228
