-160.303206346
-222.911116022
-122.644819172
-126.513713152
-148.359254154
-100.769067912
-239.975412714
-245.328799528
-355.03679425
-299.265723604
-110.572355341
-154.942539268
-218.375577634
-72.4097725146
-216.259270485
-271.556909046
-161.621724559
-157.318229525
-100.32728853
-109.004080022
-144.494654434
-271.051713167
-203.343150979
-314.752733937
-138.141704609
-164.197080542
-197.1326569
-161.690544765
-293.125500266
-249.905819331
-184.324841596
-120.493221543
-183.899186555
-88.4097106727
-122.188888047
-226.498524478
-212.610143334
-103.681369652
-197.26371516
-72.1195306723
-74.4629800544
-20.9606116034
-189.971373636
-36.0530869605
-22.5700495158
-142.755661027
-28.9898044023
-148.104464567
-76.2969971014
-92.764822595
-49.8760976764
-144.950815319
-131.67851569
-152.366939534
-164.472999756
-118.94262545
-68.2995680275
-105.882140403
-94.6410477013
-54.2898639363
-65.7668754121
-138.461077547
-92.882276404
-195.78544228
-63.7279652392
-159.506339158
-135.959249161
-161.581042362
-183.395653677
-110.353639928
-89.442353634
-132.237774457
-70.9749493628
-58.6664923502
-144.046835781
-116.699953459
-105.017731704
-133.392430162
-60.5252174029
-126.557642892
-20.7315104208
-49.0780600494
-164.762186063
-87.4281315932
-143.265462546
-103.983867148
-226.531860042
-226.337289028
-187.097240689
-286.316954375
-97.2975554499
-35.1567752873
-76.8462097681
-173.459771204
-60.958177494
-132.397006371
-177.905081843
-570.379573877
-89.0482841937
-95.837779778
-266.072893664
-218.980728391
-260.339611606
-54.1943241807
-195.473935899
-180.369979117
-230.866567631
-39.0937955502
-178.643118226
-87.6364145788
-106.287542865
-171.594479224
-151.917210799
-44.38673799
-61.9247369363
-31.1447216242
-45.7730323512
-31.2254040829
-27.2927330346
-124.697892759
-281.957102511
-164.916074707
-104.481002355
-102.112653568
-177.742048227
-62.5397615531
-76.5637006833
-158.652349538
-219.358902867
-210.970638191
-168.02396606
-222.333898459
-259.011904856
-154.780451046
-158.707521741
-130.797172838
-161.72697557
-31.8945092099
-66.3146387783
-149.827545607
-240.697301029
-128.947232606
-171.021090942
-137.416169442
-84.6612547678
-154.458426843
-167.043743373
-217.866377404
-135.712919801
-67.8941681932
-133.961571413
-238.145232472
-158.381356017
-154.502318065
-355.656016571
-62.1466885308
-234.252681956
-214.21204268
-252.117805346
-87.2761832099
-130.823899559
-64.5427763778
-109.742135314
-109.361792654
-177.887668711
-120.178701382
-118.119277129
-106.828534221
-44.9046804228
-97.8269964637
-58.0925509866
-64.3068265624
-54.8452007648
-33.727652507
-68.0100656945
-47.9194880801
-59.9541467951
-92.4934920154
-81.7837705899
-43.9408524267
-111.29771931
-27.4965113687
-98.0899327435
-151.580033328
-225.207180889
-160.112247307
-163.8543494
-125.458405063
-160.389043985
-173.537245637
-187.378638572
-193.065473289
-113.676694597
-211.587932404
-305.828543225
-199.225656861
-223.275660046
-134.507451925
-137.734922751
-255.412434539
-81.5207901563
-168.937856368
-105.666732812
-144.552220193
-221.563530244
-253.285285299
-207.934119401
-161.993666359
-244.256758235
-152.341852964
-88.271859974
-259.780755307
-135.534804389
-230.825605191
-256.619080501
-92.9114591473
-125.279713131
-116.242564586
-218.771104724
-211.898600467
-123.493673098
-123.227110555
-190.2316244
-116.644646146
-120.266111854
-87.703303305
-142.837440559
-91.734046845
-269.134411974
-109.122916533
-168.516029339
-112.13565237
-196.065870901
-148.133017978
-177.769719522
-211.008335459
-119.146106063
-71.0097077685
-175.855371622
-148.149621528
-231.092350476
-266.494013379
-89.9351932571
-319.789557767
-274.224566423
-176.954222986
-103.727221743
-342.281339329
-284.998952942
-185.707749058
-219.097121592
-115.10507139
-137.813924851
-110.520151123
-174.305867261
-85.2264376965
-286.377404473
-137.964756492
-184.675068584
-166.907334294
-114.831502938
-310.694162548
-182.183636471
-149.727396899
-126.068864332
-92.2480097225
-211.007490031
-121.358131173
-249.908480457
-182.723812481
-78.6306270913
-155.846577089
-113.798524795
-199.001526254
-231.394614626
-81.8646306223
-244.973459273
-140.068304492
-207.989829909
-233.650633436
-56.0028810813
-66.3729584462
-57.1570726809
-239.012090897
-116.272165249
-229.753216043
-295.006554588
-47.5032969102
-136.793344594
-50.4012726395
-58.0954314247
-146.5417277
-158.670789139
-41.9806271196
-117.404347474
-88.9555303123
-108.296893896
-215.802631409
-106.450325325
-47.9590859282
-129.361193361
-46.8214662636
-28.3100960815
-28.59779516
-29.1408590354
-125.192377802
-60.071034134
-44.2745724632
-108.795996955
-32.2821517511
-76.4126760323
-49.6356310549
-70.5296380068
-26.2306715459
-105.989369637
-54.0051591381
-117.038025554
-84.4503753322
-40.1888544414
-35.0755600066
-58.0680507003
-88.5828259526
-152.597723155
-222.066988281
-109.493219748
-32.6422197331
-62.2276398886
-34.233233775
-35.5769555523
-94.7297396302
-106.137199771
-89.616198577
-243.339296763
-41.1614645747
-200.454924263
-208.961054473
-113.600726967
-39.6480102565
-179.677404432
-102.167347026
-38.8285578401
-109.220999864
-33.3413788139
-48.0378602105
-43.831801569
-26.4998071453
-193.859779741
-173.801614658
-49.7367513591
-57.2316223125
-42.0723772655
-160.887644658
-99.1478330542
-90.3376726111
-77.8395128144
-155.9750692
-205.901360519
-64.8836091311
-92.393803767
-168.770406657
-38.8948651556
-71.5465186426
-107.818587486
-88.4895724757
-40.5907171078
-134.330407044
-150.103558495
-87.5841223419
-112.647969808
-139.762062569
-52.9962337176
-205.971329234
-157.827266868
-81.1219582729
-68.1145627959
-318.388040028
-236.33329956
-127.935729228
-220.290360357
-103.438399569
-169.140197269
-149.283877856
-70.3354949131
-169.81385801
-75.8982924275
-134.729201457
-35.5376906868
-102.848790191
-69.7373344869
-203.566400422
-177.39323763
-162.595750495
-160.88757554
-27.0367297932
-204.139015017
-58.7404414136
-66.4110428539
-310.308582937
-170.709428331
-174.340126066
-107.595166041
-114.71361891
-144.436738202
-196.501787359
-256.11842949
-147.786283579
-247.319566243
-164.586699727
-152.145128329
-102.188842972
-218.761961934
-268.853106171
-41.9915495512
-168.292819659
-133.511716529
-409.91859824
-281.551236148
-91.9420814129
-129.18116019
-71.0956770267
-29.188946609
-76.5755046141
-186.001236032
-391.44412652
-122.516520679
-131.3114449
-167.614778074
-132.166978845
-126.0295484
-259.647188414
-175.081697514
-154.301654747
-280.930851239
-143.104184412
-84.9713850389
-64.0276080365
-123.440209363
-166.94713923
-116.57019974
-152.157194773
-74.9077370333
-218.123739499
-173.321170778
-99.2392302942
-182.697245784
-159.899904506
-96.5502764437
-95.3384520064
-86.9850224909
-49.929288748
-21.3590055208
-208.903414888
-181.471615605
-189.259309785
-295.419899803
-221.397902998
-129.733054862
-364.453782921
-164.120622993
-315.862314737
-121.555054885
-75.8784216613
-134.017534435
-140.980387541
-183.059202677
-85.5212992243
-178.782193796
-125.095546625
-174.646899912
-111.116475799
-303.714112271
-74.7862803873
-126.894225447
-52.9877137252
-96.0662512162
-265.565566336
-163.238366642
-32.5284528749
-54.2045349131
-146.57863944
-215.292510943
-226.655196724
-117.805743834
-149.866685492
-115.139964508
-151.869857414
-70.0556203311
-101.388323274
-246.116919183
-217.529626764
-67.3563579854
-160.733991788
-203.416215063
-68.0301282509
-51.1704263673
-273.900492533
-250.863610277
-100.031812856
-150.208222182
-107.397020906
-135.76993044
-166.384284869
-195.282909433
-273.692830222
-175.650538262
-199.502704326
-166.422951315
-70.0003268273
-76.8275378234
-43.5900653811
-143.139359255
-50.7844332366
-130.4314993
-80.1439112929
-90.666141824
-201.177837351
-124.34526167
-70.9871166897
-145.08992125
-123.089382488
-244.494470228
-152.623757775
-129.620755052
-279.167483567
-182.555688479
-154.500414289
-56.8172727663
-156.407385577
-198.55270525
-310.819714952
-194.186883405
-85.1297375359
-255.363620087
-227.536662338
-302.190268472
-148.239411592
-117.783635385
-166.591676671
-98.7561136822
-149.023992356
-124.314532969
-133.583591951
-121.35190812
-69.8088824948
-90.6303967993
-123.176022302
-86.4397253034
-103.000219627
-221.828665972
-97.3635245172
-43.5375367295
-182.980781039
-287.369616899
-118.762880784
-98.3203155827
-118.851555414
-138.838615766
-168.417659625
-94.4157817665
-94.6182505216
-137.519965616
-131.120365654
-71.6973117449
-136.83272239
-119.676421867
-127.0725226
-203.208025366
-174.91411816
-103.986465016
-188.594821849
-138.439249356
-134.852699465
-192.380428368
-191.372034451
-121.17281268
-154.735293535
-64.3099153364
-155.464683976
-216.973266743
-47.8077329357
-160.062231505
-129.539586428
-69.9372324295
-163.66930626
-108.088035258
-71.374718728
-141.54156039
-121.074386192
-264.872744107
-175.500457725
-177.944293153
-199.677992627
-125.536938636
-161.762235017
-92.7066034921
-241.322007189
-265.985269936
-229.701342456
-308.479787438
-195.741781744
-229.874103289
-174.184975505
-172.429725481
-189.754305617
-146.197707722
-175.391268304
-151.279008519
-201.404711689
-173.436541062
-179.932514404
-182.674513956
-177.4113609
-190.137646833
-201.505603696
-207.155529011
-280.561858853
-82.2285923063
-272.553510674
-118.092084357
-48.290811358
-146.595575271
-62.4929697003
-148.028862449
-137.96857817
-62.2465769827
-271.218307527
-112.189084618
-140.803062595
-115.406113957
-228.89745237
-146.732356984
-124.045040921
-100.134446546
-200.789845781
-220.119276456
-49.6325277763
-122.350378306
-119.816264219
-116.124629015
-83.1028258513
-219.550802238
-176.322296446
-103.339942207
-61.0918574538
-131.617380893
-136.85210423
-140.323463817
-101.696059887
-187.815725854
-285.938635936
-97.5514775961
-155.972943243
-139.011864465
-136.800133008
-168.74511677
-185.615308553
-143.6433305
-252.535598344
-104.767469076
-134.848053867
-103.161688112
-88.5321088008
-59.1317980234
-73.9795672707
-187.760949367
-163.427510909
-232.744414472
-152.112820094
-84.5237851305
-26.0100500939
-93.6602134056
-107.808987504
-136.329794186
-60.7866647412
-185.821572065
-173.888235529
-117.723827809
-186.935411645
-226.978931821
-170.820237951
-167.121911482
-172.183907221
-205.230034562
-206.083539395
-109.00560199
-106.166613164
-128.918392184
-149.248046208
-178.564100912
-62.0727339545
-201.850983643
-179.371243835
-186.928310773
-150.419314765
-220.390845266
-197.971152523
-35.4030520359
-65.4527115836
-79.258155689
-119.414840282
-75.1573992459
-120.021414284
-100.737710045
-89.5854564634
-162.470266605
-84.4189910731
-142.329278537
-133.192201336
-166.398449464
-246.142333321
-100.688925198
-202.636462116
-259.625126509
-291.379901735
-116.437259322
-95.1903808604
-162.432176982
-90.0869849124
-201.54494236
-83.4068574764
-86.6865321138
-78.3066222472
-282.203977162
-75.2760666726
-45.1413587499
-98.6411017925
-88.5421325034
-100.885596128
-182.801897984
-76.2079892315
-87.8101019853
-184.43559377
-210.817945085
-66.0654435479
-157.005755917
-132.870082224
-246.093245001
-66.2300856574
-42.7909445795
-79.0564552627
-124.421899064
-186.588429284
-129.190970419
-185.582063153
-138.928691435
-84.3733148441
-144.109765794
-170.021918562
-172.123838748
-210.260254267
-200.504852028
-83.3041243547
-86.9609408917
-113.881794227
-63.1264700451
-277.142395124
-71.2815369951
-68.1011436663
-241.825489534
-118.745143516
-73.4572007964
-238.186326612
-31.6649772355
-197.492299341
-124.217778593
-161.91370914
-209.106607454
-96.0447258637
-73.2213049619
-224.942553473
-219.693797695
-265.032777049
-279.413173953
-318.218330764
-132.145729368
-134.236647008
-57.1906826426
-134.956115821
-197.659340067
-175.8308057
-82.401860956
-39.7979504953
-257.904633642
-271.71687135
-153.061316709
-90.4577614439
-400.938531516
-117.006548007
-260.519829658
-233.009107926
-211.629312364
-208.352126231
-76.1389548637
-250.527791351
-157.931227875
-264.569357987
-219.541764734
-229.636249555
-163.767659082
-57.3953945535
-134.599699319
-183.046733011
-175.651935946
-259.537772248
-115.76941789
-217.070884843
-206.785891072
-57.9415875043
-103.477393535
-209.056290702
-179.873899491
-263.549072738
-113.113555965
-148.574225694
-176.670683527
-151.570456939
-57.3832646018
-175.237141784
-191.52362106
-153.50143838
-212.793023585
-164.178803148
-197.853935496
-155.683833307
-269.632090291
-158.735103823
-73.9486138962
-296.953469769
-723.392802863
-156.839031595
-191.889762195
-181.412739527
-47.174322037
-94.0332435551
-57.9233049565
-231.468714818
-121.589410383
-235.745157214
-69.0390171158
-145.364251177
-373.586844852
-131.846848267
-21.7066706007
-167.824309432
-173.983570426
-264.500416921
-276.749683057
-47.3290291242
-86.1999809723
-238.07086889
-66.8497547306
-139.513211368
-135.433155056
-184.169411361
-222.160578191
-90.1184943342
-78.4148147905
-323.331688551
-111.276029951
-342.392578704
-123.13079459
-84.8853746486
-128.793629006
-172.944280888
-77.6429613295
-160.064684498
-245.562357842
-206.890388859
-69.7957934775
-111.050026984
-244.79113904
-114.088166531
-204.276276527
-147.663266986
-215.542873217
-229.990487542
-110.578297197
-182.000164504
-125.579535358
-132.082667309
-117.54009365
-139.884486371
-88.9134413813
-125.942470381
-131.921790816
-262.662781773
-75.1856930464
-281.011476324
-206.223079237
-78.9967056776
-36.4150915921
-137.188128858
-97.5875413161
-112.015645401
-101.972173865
-28.2485318683
-131.374130108
-47.7141718107
-188.247554494
-92.3181826239
-131.727087725
-75.0163575503
-250.990291257
-207.787515415
-171.885227563
-190.541244533
-127.346118831
-138.159724727
-164.175037879
-56.1036423437
-194.128075113
-99.2524125802
-169.114594336
-98.6354182414
-196.628021602
-286.868558033
-156.55934149
-162.244980159
-246.319504016
-76.417881682
-158.280122057
-116.969344724
-113.888344508
-146.451069209
-221.062142081
-171.992004071
-91.6179886446
-158.39280432
-101.277381238
-162.000064944
-284.978504625
-72.64872392
-29.6447217672
-170.259487748
-95.8055986357
-107.442841572
-210.88189887
-202.491015416
-297.612159231
-257.455106156
-243.875675743
-138.148738645
-201.212867018
-50.1849597452
-136.295041525
-104.99201536
-166.296022412
-76.4929816976
-196.285002635
-164.63718726
-34.0918449174
-181.089254996
-136.905887456
-66.6846191089
-103.525880342
-191.672371754
-185.081769032
-111.375249583
-56.2818655606
-119.395854277
-80.7666292608
-228.070169736
-202.242080616
-195.027039717
-88.8469969985
-142.623946684
-90.7704678191
-166.236344789
-102.381552476
-182.209633618
-76.3112200045
-197.059271237
